110010
110040
110041
110042
110043
110071
121102
122101
122102
122103
122505
123001
123401
124001
124507
125001
125055
126102
127021
131001
132001
132103
133001
134003
135001
136027
136118
140301
140306
140307
140308
140603
141001
141008
141012
143001
143505
145001
146001
147001
151001
152116
180002
201102
201204
201206
202001
203001
203207
204101
205001
206001
206122
207001
209601
209625
209801
210001
210427
212601
221005
221712
224001
225001
226008
226028
228001
229001
230001
231001
231216
232101
233001
241001
242001
243001
243006
243122
244001
244713
244715
244901
245101
246149
246701
246761
246763
247001
247667
247776
248001
248007
249403
249407
251001
261001
262001
262701
263139
263153
271001
271201
271801
272001
272175
273001
273008
273015
274001
275101
276001
277001
281001
281004
281121
282001
282002
282005
282007
283203
284001
284002
284003
284403
285001
301001
301019
305001
305801
305901
306401
311001
313001
313002
324001
324005
327001
328001
332001
333001
334001
335001
342001
342006
342008
344001
344022
360001
360005
370201
382421
389151
392001
396001
396191
396210
396230
400612
401501
402107
402201
403401
403507
403521
403601
410203
410208
410401
410507
411047
412101
412105
412115
412207
412307
412308
413512
413517
414001
415605
416115
416410
416416
421302
421505
423203
424001
425001
425002
425201
425405
431001
431003
431005
431122
431401
431605
442001
442401
443001
443101
444001
444601
445001
450001
450331
452020
453331
453441
453555
454001
455001
456010
457001
458001
460001
461001
461775
462001
462003
462022
462023
462026
462030
462039
462042
464001
470002
470113
470661
471001
472001
473001
474001
480001
480661
481001
482001
482002
483501
484001
485001
486001
486886
487001
490006
491001
491441
492001
494001
495001
496001
497001
500005
500010
500019
500030
500043
500046
500075
500083
500100
501505
501510
502032
502319
505001
506001
506002
509001
515001
515004
515411
516001
516360
517325
517501
518002
518501
520007
523001
524002
524003
524004
530016
530017
530026
530046
532001
533003
533101
535002
560058
560082
560090
560105
560109
560114
560115
561203
562106
562107
562110
562114
562123
562125
562149
562157
570019
573201
577004
583101
584101
600019
600048
600062
600069
600071
600119
600127
600130
603103
603202
625016
635109
641006
682030
700024
700104
700141
700160
700161
713101
713103
713148
713301
713303
713304
713325
713343
721101
721212
721301
721305
721506
721507
722101
722102
722122
723101
723121
731101
731204
731224
732101
732125
733134
733202
733207
734001
734301
735101
735211
736101
736121
736135
741101
741201
741222
741235
742101
743127
743145
751003
751021
752001
752002
752101
756001
756045
756100
757001
758035
759001
759122
760001
764001
767001
768004
768028
768201
769004
769015
781017
781301
782002
782435
782446
782447
782460
783131
783331
783348
783380
783390
784001
784176
785001
785621
785640
786001
786602
787001
788151
788710
793001
793002
796001
797001
797112
799001
799002
799003
799006
799120
799250
799277
800007
800008
801503
801505
802101
802301
803101
804408
805110
811201
811214
811307
811311
812001
812002
812005
813203
813210
814101
814112
814133
815301
815353
816107
816109
821115
822101
822114
823001
823003
824101
825301
825409
826001
827013
829122
831001
831004
831011
831012
833201
834001
834002
834003
834004
834005
834008
834009
841226
841301
841428
842001
842002
843302
844101
845401
845438
846001
846004
847211
847226
848101
851101
851204
852113
852131
852201
853204
854105
854301
854311
854318
855107
